Atitit passport rank 

2019年护照全球实力排名
按照流动性分数各国护照排名.

筛选条件:

护照实力排名：?1
MS
?
选择比较

阿拉伯联合酋长国
178
118
60
20
护照实力排名：?2

德国
171
128
43
27

芬兰
171
127
44
27

卢森堡
171
127
44
27

西班牙
171
126
45
27
护照实力排名：?3

丹麦
170
127
43
28

意大利
170
127
43
28

荷兰
170
125
45
28

奥地利
170
125
45
28

葡萄牙
170
125
45
28

瑞士
170
123
47
28

日本
170
123
47
28

韩国
170
121
49
28

爱尔兰
170
120
50
28

美国
170
117
53
28
护照实力排名：?4

新加坡
169
131
38
29

瑞典
169
127
42
29

法国
169
127
42
29

比利时
169
125
44
29

马耳他
169
124
45
29

希腊
169
124
45
29

挪威
169
123
46
29
护照实力排名：?5

捷克
168
124
44
30

匈牙利
168
123
45
30

波兰
168
122
46
30

立陶宛
168
122
46
30

斯洛伐克
168
122
46
30

英国
168
120
48
30

加拿大
168
115
53
30

新西兰
168
114
54
30
护照实力排名：?6

斯洛文尼亚
167
122
45
31

爱沙尼亚
167
122
45
31

冰岛
167
120
47
31

澳大利亚
167
111
56
31
护照实力排名：?7

拉脱维亚
166
122
44
32
护照实力排名：?8

塞浦路斯
165
122
43
33

罗马尼亚
165
118
47
33
护照实力排名：?9

马来西亚
164
119
45
34

保加利亚
164
116
48
34
护照实力排名：?10

列支敦士登
163
118
45
35

克罗地亚
163
117
46
35

摩纳哥
163
112
51
35
护照实力排名：?11

智利
160
111
49
38

巴西
160
111
49
38
护照实力排名：?12

阿根廷
159
110
49
39
护照实力排名：?13

香港
156
118
38
42
护照实力排名：?14

圣马力诺
153
109
44
45

安道尔
153
104
49
45
护照实力排名：?15

文莱
152
106
46
46
护照实力排名：?16

巴巴多斯
149
110
39
49

以色列
149
104
45
49

墨西哥
149
99
50
49
护照实力排名：?17

乌拉圭
147
100
47
51
护照实力排名：?18

梵蒂冈城
145
100
45
53
护照实力排名：?19

巴哈马
144
104
40
54
护照实力排名：?20

圣基茨和尼维斯
141
105
36
57
护照实力排名：?21

哥斯达黎加
140
94
46
58

乌克兰
140
92
48
58
护照实力排名：?22

塞舌尔
139
104
35
59

圣文森特和格林纳丁斯
139
101
38
59

秘鲁
139
88
51
59
护照实力排名：?23

安提瓜和巴布达
138
101
37
60

特立尼达和多巴哥
138
100
38
60

澳门
138
95
43
60
护照实力排名：?24

毛里求斯
136
100
36
62

巴拉圭
136
89
47
62
护照实力排名：?25

巴拿马
134
88
46
64

台湾
134
84
50
64
护照实力排名：?26

圣卢西亚
133
94
39
65

塞尔维亚
133
86
47
65
护照实力排名：?27

格林纳达
131
96
35
67
护照实力排名：?28

多米尼克
130
91
39
68

所罗门群岛
130
87
43
68

委内瑞拉
130
80
50
68
护照实力排名：?29

瓦努阿图
129
86
43
69

哥伦比亚
129
82
47
69
护照实力排名：?30

洪都拉斯
127
83
44
71

危地马拉
127
81
46
71
护照实力排名：?31

萨摩亚
126
85
41
72
护照实力排名：?32

萨尔瓦多
125
83
42
73
护照实力排名：?33

图瓦卢
124
83
41
74
护照实力排名：?34

汤加
123
83
40
75

基里巴斯
123
81
42
75

黑山
123
78
45
75

马其顿（FYROM）
123
77
46
75
护照实力排名：?35

格鲁吉亚
122
74
48
76
护照实力排名：?36

俄罗斯联邦
121
80
41
77

土耳其
121
72
49
77
护照实力排名：?37

尼加拉瓜
120
75
45
78

马绍尔群岛
120
74
46
78
护照实力排名：?38

摩尔多瓦
119
76
43
79
护照实力排名：?39

波斯尼亚和黑塞哥维那
118
74
44
80
护照实力排名：?40

帕劳
116
68
48
82
护照实力排名：?41

阿尔巴尼亚
115
70
45
83

密克罗尼西亚
115
67
48
83
护照实力排名：?42

南非
103
64
39
95
护照实力排名：?43

卡塔尔
102
55
47
96

科威特
102
53
49
96
护照实力排名：?44

东帝汶
100
56
44
98
护照实力排名：?45

厄瓜多尔
97
49
48
101
护照实力排名：?46

伯利兹
96
60
36
102
护照实力排名：?47

斐济
95
50
45
103
护照实力排名：?48

牙买加
94
56
38
104
护照实力排名：?49

巴林
91
45
46
107
护照实力排名：?50

马尔代夫
90
47
43
108
护照实力排名：?51

圭亚那
89
47
42
109
护照实力排名：?52

瑙鲁
88
44
44
110

阿曼
88
43
45
110

沙特阿拉伯
88
42
46
110

泰国
88
39
49
110

哈萨克斯坦
88
38
50
110
护照实力排名：?53

白俄罗斯
86
44
42
112
护照实力排名：?54

玻利维亚
85
38
47
113
护照实力排名：?55

博茨瓦纳
84
50
34
114

印度尼西亚
84
39
45
114
护照实力排名：?56

巴布亚新几内亚
82
38
44
116
护照实力排名：?57

苏里南
81
38
43
117
护照实力排名：?58

莱索托
80
47
33
118

中国
80
31
49
118
护照实力排名：?59

斯威士兰
79
46
33
119
护照实力排名：?60

阿塞拜疆
78
35
43
120
护照实力排名：?61

马拉维
77
43
34
121
护照实力排名：?62

突尼斯
76
35
41
122
护照实力排名：?63

纳米比亚
75
42
33
123

亚美尼亚
75
34
41
123

古巴
75
30
45
123

多米尼加共和国
75
29
46
123
护照实力排名：?64

坦桑尼亚
74
43
31
124

赞比亚
74
41
33
124

肯尼亚
74
39
35
124

菲律宾
74
36
38
124

蒙古
74
32
42
124

吉尔吉斯斯坦
74
29
45
124
护照实力排名：?65

乌干达
72
36
36
126

佛得角
72
34
38
126

摩洛哥
72
31
41
126
护照实力排名：?66

冈比亚
71
44
27
127
护照实力排名：?67

津巴布韦
70
39
31
128

乌兹别克斯坦
70
27
43
128

塔吉克斯坦
70
27
43
128

印度
70
26
44
128

圣多美和普林西比
70
25
45
128
护照实力排名：?68

卢旺达
69
28
41
129
护照实力排名：?69

加纳
68
38
30
130
护照实力排名：?70

马达加斯加
66
27
39
132
护照实力排名：?71

贝宁
65
31
34
133

莫桑比克
65
28
37
133

越南
65
23
42
133

柬埔寨
65
20
45
133

不丹
65
17
48
133
护照实力排名：?72

塞拉利昂
64
39
25
134

塞内加尔
64
32
32
134

布基纳法索
64
29
35
134

科特迪瓦
64
28
36
134

加蓬
64
25
39
134
护照实力排名：?73

阿及利
63
19
44
135

土库曼斯坦
63
17
46
135
护照实力排名：?74

毛里塔尼亚
62
26
36
136

约旦
62
21
41
136
护照实力排名：?75

安哥拉
61
25
36
137

科摩罗
61
19
42
137
护照实力排名：?76

多哥
60
25
35
138

老挝
60
21
39
138

赤道几内亚
60
19
41
138

埃及
60
18
42
138

海地
60
18
42
138
护照实力排名：?77

马里
59
31
28
139

尼日尔
59
29
30
139

几内亚
59
26
33
139

乍得
59
23
36
139

布隆迪
59
21
38
139
护照实力排名：?78

几内亚比绍
57
25
32
141

喀麦隆
57
19
38
141

中非共和国
57
19
38
141
护照实力排名：?79

吉布提
56
15
41
142
护照实力排名：?80

利比里亚
55
25
30
143
护照实力排名：?81

斯里兰卡
53
15
38
145

缅甸
53
15
38
145

科索沃
53
15
38
145
护照实力排名：?82

黎巴嫩
52
16
36
146

刚果
52
15
37
146

刚果（民主党）
52
15
37
146

南苏丹
52
15
37
146

尼泊尔
52
13
39
146
护照实力排名：?83

尼日利亚
50
23
27
148

孟加拉国
50
18
32
148

埃塞俄比亚
50
12
38
148

厄立特里亚
50
12
38
148

朝鲜
50
11
39
148
护照实力排名：?84

利比亚
49
13
36
149

伊朗
49
12
37
149
护照实力排名：?85

巴勒斯坦
48
14
34
150

苏丹
48
11
37
150
护照实力排名：?86

也门
44
11
33
154
护照实力排名：?87

索马里
42
10
32
156

巴基斯坦
42
9
33
156
护照实力排名：?88

叙利亚
40
8
32
158
护照实力排名：?89

伊拉克
37
6
31
161
护照实力排名：?90

阿富汗
35
5
30
163
